C:\Users\wasim_sajid\workspace\PythonProject\com\python\LogR.py:48: SettingWithCopyWarning: 
A value is trying to be set on a copy of a slice from a DataFrame.
Try using .loc[row_indexer,col_indexer] = value instead

See the caveats in the documentation: http://pandas.pydata.org/pandas-docs/stable/indexing.html#indexing-view-versus-copy
  df_1['Resistance Diff'] = df_1['Sensor Resistance (kOhms)'] - df_1['Sensor Resistance (kOhms)'].shift(1)
prediction1 [[ 0.00129873]
 [ 0.00199542]
 [ 0.00096713]
 [ 0.00134366]
 [ 0.00068796]
 [ 0.00319821]
 [ 0.00094874]
 [ 0.00158296]
 [ 0.00083438]
 [ 0.00150251]
 [ 0.00252715]
 [ 0.00096364]
 [ 0.00286912]
 [ 0.00160485]
 [ 0.00097616]
 [ 0.00206744]
 [ 0.00125549]
 [ 0.00115681]
 [ 0.00269875]
 [ 0.00135574]
 [ 0.00146443]
 [ 0.00118543]
 [ 0.00436626]
 [ 0.00146005]
 [ 0.00106262]
 [ 0.00088458]
 [ 0.00109913]
 [ 0.00595988]
 [ 0.00130782]
 [ 0.00108915]
 [ 0.00148281]
 [ 0.00276254]
 [ 0.00142366]
 [ 0.00054462]
 [ 0.00164876]
 [ 0.00172807]
 [ 0.00198832]
 [ 0.00179936]
 [ 0.0023305 ]
 [ 0.00107747]
 [ 0.00132316]
 [ 0.00199962]
 [ 0.00248211]
 [ 0.00122625]
 [ 0.00127847]
 [ 0.00580954]
 [ 0.00103994]
 [ 0.0016366 ]
 [ 0.00128334]
 [ 0.00201669]
 [ 0.00411024]
 [ 0.00156827]
 [ 0.00186713]
 [ 0.00227231]
 [ 0.00092709]
 [ 0.00278819]
 [ 0.00127211]
 [ 0.00099259]
 [ 0.00150413]
 [ 0.00444803]
 [ 0.0009401 ]
 [ 0.00147232]
 [ 0.0014708 ]
 [ 0.0008571 ]
 [ 0.00110744]
 [ 0.00094811]
 [ 0.00290112]
 [ 0.00127157]
 [ 0.00206892]
 [ 0.00125655]
 [ 0.00128583]
 [ 0.00089254]
 [ 0.00129938]
 [ 0.00174433]
 [ 0.00107076]
 [ 0.00111211]
 [ 0.00581618]
 [ 0.00078061]
 [ 0.00146438]
 [ 0.00210598]
 [ 0.00080135]
 [ 0.0032056 ]
 [ 0.00103495]
 [ 0.00400757]
 [ 0.00102975]
 [ 0.00209913]
 [ 0.00163932]
 [ 0.00069356]
 [ 0.0024027 ]
 [ 0.00051323]
 [ 0.00097384]
 [ 0.0028389 ]
 [ 0.00329957]
 [ 0.00253959]
 [ 0.00327822]
 [ 0.00079854]
 [ 0.001582  ]
 [ 0.00332146]
 [ 0.00125847]
 [ 0.00080156]
 [ 0.00175494]
 [ 0.00140293]
 [ 0.00106917]
 [ 0.00105979]
 [ 0.00168469]
 [ 0.00158639]
 [ 0.00209271]
 [ 0.00162581]
 [ 0.00203327]
 [ 0.00096096]
 [ 0.00326874]
 [ 0.00117208]
 [ 0.00084248]
 [ 0.00103331]
 [ 0.00168519]
 [ 0.00178228]
 [ 0.00223572]
 [ 0.00244077]
 [ 0.00325174]
 [ 0.0027686 ]
 [ 0.00192245]
 [ 0.00151814]
 [ 0.00211682]
 [ 0.00389881]
 [ 0.00321077]
 [ 0.00139372]
 [ 0.00095943]
 [ 0.00099341]
 [ 0.00268311]
 [ 0.00193135]
 [ 0.00057175]
 [ 0.00082208]
 [ 0.00311462]
 [ 0.00118694]
 [ 0.00321575]
 [ 0.00215245]
 [ 0.00121773]
 [ 0.0008208 ]
 [ 0.00165712]
 [ 0.00238197]
 [ 0.00195832]
 [ 0.0022773 ]
 [ 0.00157213]
 [ 0.00144406]
 [ 0.00138213]
 [ 0.00114884]
 [ 0.00084323]
 [ 0.0017945 ]
 [ 0.00202551]
 [ 0.0034711 ]
 [ 0.00383766]
 [ 0.00091069]
 [ 0.00091476]
 [ 0.00058659]
 [ 0.00117508]
 [ 0.00113647]
 [ 0.00093546]
 [ 0.00296546]
 [ 0.00147044]
 [ 0.00323934]
 [ 0.00211976]
 [ 0.00218301]
 [ 0.00106199]
 [ 0.00123783]
 [ 0.00171106]
 [ 0.00133022]
 [ 0.00111037]
 [ 0.0058523 ]
 [ 0.00101604]
 [ 0.00232873]
 [ 0.00140993]
 [ 0.00122294]
 [ 0.0016279 ]
 [ 0.00275863]
 [ 0.00329182]
 [ 0.00162224]
 [ 0.00140607]
 [ 0.00132267]
 [ 0.00395478]
 [ 0.00148862]
 [ 0.00092666]
 [ 0.00207518]
 [ 0.00184339]
 [ 0.00140869]
 [ 0.00135768]
 [ 0.00169613]
 [ 0.0019742 ]
 [ 0.00143567]
 [ 0.00226298]
 [ 0.00203403]
 [ 0.00148991]
 [ 0.00156029]
 [ 0.0014074 ]
 [ 0.00086788]
 [ 0.00240425]
 [ 0.00116846]
 [ 0.00265732]
 [ 0.00125669]
 [ 0.00097166]
 [ 0.00411541]
 [ 0.00077034]
 [ 0.00113057]
 [ 0.00163574]
 [ 0.00248626]
 [ 0.00114319]
 [ 0.00132948]
 [ 0.00100572]
 [ 0.00079735]
 [ 0.00197909]
 [ 0.00099332]
 [ 0.00147608]
 [ 0.00196529]
 [ 0.00169505]
 [ 0.0031379 ]
 [ 0.00141024]
 [ 0.00195224]
 [ 0.00088735]
 [ 0.00288043]
 [ 0.00087563]
 [ 0.00212055]
 [ 0.00089835]
 [ 0.00359013]
 [ 0.0012903 ]
 [ 0.00123676]
 [ 0.00090007]
 [ 0.00189374]
 [ 0.00184495]
 [ 0.00105193]
 [ 0.00101174]
 [ 0.00223408]
 [ 0.00179814]
 [ 0.00097794]
 [ 0.0024894 ]
 [ 0.00169358]
 [ 0.00083052]
 [ 0.00119781]
 [ 0.00087932]
 [ 0.00141295]
 [ 0.00226087]
 [ 0.00159795]
 [ 0.00121054]
 [ 0.00105881]
 [ 0.00215281]
 [ 0.00239205]
 [ 0.00123392]
 [ 0.00085892]
 [ 0.00197217]
 [ 0.00197327]
 [ 0.00257559]
 [ 0.00186714]
 [ 0.00114603]
 [ 0.00329942]
 [ 0.00273235]
 [ 0.00201911]
 [ 0.00324434]
 [ 0.00133358]
 [ 0.00129513]
 [ 0.0013662 ]
 [ 0.00145612]
 [ 0.00179412]
 [ 0.00136622]
 [ 0.00203922]
 [ 0.00079469]
 [ 0.00081817]
 [ 0.00129572]
 [ 0.00111124]
 [ 0.00151451]
 [ 0.00627713]
 [ 0.00135011]
 [ 0.00232422]
 [ 0.00132461]
 [ 0.00151744]
 [ 0.00100921]
 [ 0.00244984]
 [ 0.0021834 ]
 [ 0.00051772]
 [ 0.00115545]
 [ 0.00111743]
 [ 0.00605929]
 [ 0.00098029]
 [ 0.00109587]
 [ 0.00124621]
 [ 0.00153766]
 [ 0.00161784]
 [ 0.00092503]
 [ 0.00297464]
 [ 0.00145307]
 [ 0.00083848]
 [ 0.00103689]
 [ 0.00211444]
 [ 0.00199877]
 [ 0.00272521]
 [ 0.00173697]
 [ 0.00092792]
 [ 0.00128248]
 [ 0.0018607 ]
 [ 0.00241666]
 [ 0.00627737]
 [ 0.00094766]
 [ 0.00146797]
 [ 0.00136048]
 [ 0.00095639]
 [ 0.00154828]
 [ 0.00309686]
 [ 0.00142254]
 [ 0.00305121]
 [ 0.00117916]
 [ 0.00075869]
 [ 0.00275493]
 [ 0.00133022]
 [ 0.00135822]
 [ 0.00416772]
 [ 0.00143713]
 [ 0.00148834]
 [ 0.00134322]
 [ 0.00085863]
 [ 0.00134787]
 [ 0.00152918]
 [ 0.00142094]
 [ 0.00355305]
 [ 0.00089153]
 [ 0.00136719]
 [ 0.00103214]
 [ 0.00052875]
 [ 0.00283311]
 [ 0.00168952]
 [ 0.000911  ]
 [ 0.00388579]
 [ 0.0023442 ]
 [ 0.00132409]
 [ 0.0018515 ]
 [ 0.00160297]
 [ 0.00093432]
 [ 0.00130306]
 [ 0.00117444]
 [ 0.00114881]
 [ 0.00304781]
 [ 0.00078107]
 [ 0.00098101]
 [ 0.00184714]
 [ 0.00131026]
 [ 0.00134455]
 [ 0.00265256]
 [ 0.00142439]
 [ 0.00258151]
 [ 0.00209423]
 [ 0.00530437]
 [ 0.00096113]
 [ 0.00163358]
 [ 0.00093208]
 [ 0.0010798 ]
 [ 0.00085889]
 [ 0.00152731]
 [ 0.00107169]
 [ 0.00052045]
 [ 0.00111468]
 [ 0.0029608 ]
 [ 0.00165712]
 [ 0.00229084]
 [ 0.00098805]
 [ 0.00213308]
 [ 0.00411792]
 [ 0.00239336]
 [ 0.00375558]
 [ 0.00049809]
 [ 0.00081872]
 [ 0.00173619]
 [ 0.00153346]
 [ 0.00076773]
 [ 0.00198349]
 [ 0.00257015]
 [ 0.00119275]
 [ 0.0021144 ]
 [ 0.00168326]
 [ 0.00108452]
 [ 0.00071399]
 [ 0.00147754]
 [ 0.00155306]
 [ 0.00080939]
 [ 0.00150454]
 [ 0.00260913]
 [ 0.00146314]
 [ 0.00138105]
 [ 0.00110045]
 [ 0.00404442]
 [ 0.00093933]
 [ 0.00096267]
 [ 0.00143237]
 [ 0.0017312 ]
 [ 0.00080294]
 [ 0.00070891]
 [ 0.00137422]
 [ 0.00189551]
 [ 0.00406358]
 [ 0.00090534]
 [ 0.00066646]
 [ 0.0018869 ]
 [ 0.00187522]
 [ 0.00123303]
 [ 0.00192883]
 [ 0.00167889]
 [ 0.00122504]
 [ 0.00111472]
 [ 0.00333657]
 [ 0.00245777]
 [ 0.00092547]
 [ 0.00169229]
 [ 0.00305743]
 [ 0.00240952]
 [ 0.00327084]
 [ 0.00165917]
 [ 0.00167546]
 [ 0.00094527]
 [ 0.00239914]
 [ 0.00101716]
 [ 0.00308789]
 [ 0.00203114]
 [ 0.00087334]
 [ 0.00084704]
 [ 0.00218892]
 [ 0.00243345]
 [ 0.00145126]
 [ 0.00193411]
 [ 0.00176552]
 [ 0.00081891]
 [ 0.00167723]
 [ 0.00082505]
 [ 0.00263548]
 [ 0.00173507]
 [ 0.001414  ]
 [ 0.00233315]
 [ 0.00116992]
 [ 0.00146902]
 [ 0.00306613]
 [ 0.00145683]
 [ 0.00233361]
 [ 0.00390453]
 [ 0.00116712]
 [ 0.00198453]
 [ 0.00377324]
 [ 0.00169724]
 [ 0.00089984]
 [ 0.00082252]
 [ 0.00121462]
 [ 0.0010302 ]
 [ 0.00164894]
 [ 0.00085752]
 [ 0.00149408]
 [ 0.00289349]
 [ 0.00104103]
 [ 0.00093126]
 [ 0.00196876]
 [ 0.00136527]
 [ 0.00123996]
 [ 0.00082294]
 [ 0.00073115]
 [ 0.00088363]
 [ 0.00164237]
 [ 0.00368738]
 [ 0.0014924 ]
 [ 0.00111847]
 [ 0.00106192]
 [ 0.00128839]
 [ 0.00110206]
 [ 0.00130158]
 [ 0.00228238]
 [ 0.00107523]
 [ 0.00107729]
 [ 0.00630307]
 [ 0.0021066 ]
 [ 0.00110143]
 [ 0.00204902]
 [ 0.00229166]
 [ 0.00312689]
 [ 0.00050867]
 [ 0.00154023]
 [ 0.00142798]
 [ 0.00101056]
 [ 0.00090652]
 [ 0.00243789]
 [ 0.0016803 ]
 [ 0.0004912 ]
 [ 0.00083041]
 [ 0.00144999]
 [ 0.00198553]
 [ 0.00080278]
 [ 0.00158559]
 [ 0.00089691]
 [ 0.00051527]
 [ 0.00601508]
 [ 0.00143934]
 [ 0.00212837]
 [ 0.00392165]
 [ 0.00401332]
 [ 0.00313341]
 [ 0.0007892 ]
 [ 0.00171861]
 [ 0.00168211]
 [ 0.00165449]
 [ 0.00295647]
 [ 0.00169781]
 [ 0.00347542]
 [ 0.00278257]
 [ 0.00314257]
 [ 0.00192173]
 [ 0.00208737]
 [ 0.000815  ]
 [ 0.00319811]
 [ 0.00093685]
 [ 0.00170935]
 [ 0.00409237]
 [ 0.00206741]
 [ 0.0010229 ]
 [ 0.00199769]
 [ 0.00085662]
 [ 0.00192044]
 [ 0.00186217]
 [ 0.00090026]
 [ 0.00183188]
 [ 0.00197875]
 [ 0.00143584]
 [ 0.00306084]
 [ 0.00109497]
 [ 0.0021316 ]
 [ 0.0014359 ]
 [ 0.0009182 ]
 [ 0.00092969]
 [ 0.00118794]
 [ 0.004087  ]
 [ 0.00293162]
 [ 0.00091391]
 [ 0.00200972]
 [ 0.00179152]
 [ 0.00149905]
 [ 0.0013719 ]
 [ 0.00185837]
 [ 0.00055514]
 [ 0.0013898 ]
 [ 0.00146783]
 [ 0.00286339]
 [ 0.00076444]
 [ 0.00130971]
 [ 0.00085837]
 [ 0.00107194]
 [ 0.00147956]
 [ 0.00312533]
 [ 0.0013745 ]
 [ 0.00270471]
 [ 0.00138939]
 [ 0.00174312]
 [ 0.00054006]
 [ 0.0009635 ]
 [ 0.00149613]
 [ 0.00091997]
 [ 0.00094706]
 [ 0.00103531]
 [ 0.00074558]
 [ 0.00141834]
 [ 0.00264938]
 [ 0.0017345 ]
 [ 0.00120583]
 [ 0.00285208]
 [ 0.00158254]
 [ 0.00211326]
 [ 0.00088866]
 [ 0.00090087]]
prediction2 [[ 0.00129864]
 [ 0.00198979]
 [ 0.0009715 ]
 [ 0.00135221]
 [ 0.00069711]
 [ 0.00319209]
 [ 0.00095302]
 [ 0.00158067]
 [ 0.00083547]
 [ 0.00150034]
 [ 0.00252003]
 [ 0.00096269]
 [ 0.00285972]
 [ 0.00160547]
 [ 0.0009752 ]
 [ 0.00206444]
 [ 0.00125369]
 [ 0.00116683]
 [ 0.00269113]
 [ 0.0013631 ]
 [ 0.00146767]
 [ 0.00118372]
 [ 0.00435591]
 [ 0.00145928]
 [ 0.00106206]
 [ 0.00088371]
 [ 0.00109805]
 [ 0.00594031]
 [ 0.00132157]
 [ 0.0011021 ]
 [ 0.00148135]
 [ 0.00275728]
 [ 0.0014216 ]
 [ 0.00055211]
 [ 0.00164638]
 [ 0.00174223]
 [ 0.00200003]
 [ 0.00180335]
 [ 0.00232606]
 [ 0.00108481]
 [ 0.00132246]
 [ 0.00199398]
 [ 0.00247513]
 [ 0.0012414 ]
 [ 0.00128249]
 [ 0.00579045]
 [ 0.00104895]
 [ 0.00163498]
 [ 0.00129979]
 [ 0.00201377]
 [ 0.00409676]
 [ 0.00156529]
 [ 0.00187899]
 [ 0.00226798]
 [ 0.00092703]
 [ 0.00278033]
 [ 0.00127027]
 [ 0.00100164]
 [ 0.00150471]
 [ 0.00443344]
 [ 0.00093875]
 [ 0.00148574]
 [ 0.00147406]
 [ 0.00085822]
 [ 0.00111296]
 [ 0.00094805]
 [ 0.00289558]
 [ 0.00128494]
 [ 0.00206309]
 [ 0.00125474]
 [ 0.00128456]
 [ 0.00089371]
 [ 0.00129751]
 [ 0.0017418 ]
 [ 0.00108053]
 [ 0.00111204]
 [ 0.00579709]
 [ 0.00078954]
 [ 0.00146898]
 [ 0.00210005]
 [ 0.00080056]
 [ 0.00319802]
 [ 0.00103488]
 [ 0.00399442]
 [ 0.00103914]
 [ 0.00209321]
 [ 0.00164295]
 [ 0.00070117]
 [ 0.00239594]
 [ 0.00052029]
 [ 0.00098048]
 [ 0.00283089]
 [ 0.00329327]
 [ 0.00253246]
 [ 0.00326748]
 [ 0.00080546]
 [ 0.00159716]
 [ 0.0033121 ]
 [ 0.00126068]
 [ 0.00080077]
 [ 0.00176044]
 [ 0.00141636]
 [ 0.00107106]
 [ 0.00106702]
 [ 0.00168149]
 [ 0.00158409]
 [ 0.00208968]
 [ 0.00163464]
 [ 0.00202939]
 [ 0.00096223]
 [ 0.00325802]
 [ 0.00118061]
 [ 0.00084204]
 [ 0.0010323 ]
 [ 0.00169435]
 [ 0.00178787]
 [ 0.00222942]
 [ 0.00243277]
 [ 0.00324108]
 [ 0.00276332]
 [ 0.00191966]
 [ 0.00151525]
 [ 0.00211763]
 [ 0.00388601]
 [ 0.0032017 ]
 [ 0.00139171]
 [ 0.00097085]
 [ 0.00099288]
 [ 0.00267555]
 [ 0.00192855]
 [ 0.00057961]
 [ 0.00082316]
 [ 0.00310583]
 [ 0.00118576]
 [ 0.0032096 ]
 [ 0.00214639]
 [ 0.00123277]
 [ 0.00082791]
 [ 0.00166993]
 [ 0.00237526]
 [ 0.00195639]
 [ 0.00227089]
 [ 0.00158429]
 [ 0.00144329]
 [ 0.00138014]
 [ 0.00115932]
 [ 0.00084898]
 [ 0.00179108]
 [ 0.00202257]
 [ 0.0034613 ]
 [ 0.00382506]
 [ 0.00090979]
 [ 0.00091889]
 [ 0.00059466]
 [ 0.0011858 ]
 [ 0.00113483]
 [ 0.00093668]
 [ 0.00295573]
 [ 0.00146832]
 [ 0.00323314]
 [ 0.00211669]
 [ 0.00217686]
 [ 0.00107316]
 [ 0.00123946]
 [ 0.00170781]
 [ 0.0013289 ]
 [ 0.00111999]
 [ 0.00583308]
 [ 0.00101457]
 [ 0.00232429]
 [ 0.00142475]
 [ 0.00123749]
 [ 0.00162629]
 [ 0.00275086]
 [ 0.00328254]
 [ 0.00162584]
 [ 0.00140532]
 [ 0.00132076]
 [ 0.00394181]
 [ 0.00148716]
 [ 0.00093855]
 [ 0.00206933]
 [ 0.00183988]
 [ 0.00141634]
 [ 0.00135696]
 [ 0.00170924]
 [ 0.00198583]
 [ 0.00145076]
 [ 0.0022566 ]
 [ 0.0020283 ]
 [ 0.00148708]
 [ 0.00156089]
 [ 0.00141764]
 [ 0.00086703]
 [ 0.00239967]
 [ 0.00117053]
 [ 0.00264861]
 [ 0.00126583]
 [ 0.0009707 ]
 [ 0.00410566]
 [ 0.00076959]
 [ 0.00113049]
 [ 0.00163338]
 [ 0.00248151]
 [ 0.00114521]
 [ 0.00132755]
 [ 0.00100565]
 [ 0.00079657]
 [ 0.00197985]
 [ 0.00100377]
 [ 0.00147395]
 [ 0.00196245]
 [ 0.00170036]
 [ 0.00312761]
 [ 0.00141079]
 [ 0.00194941]
 [ 0.00088851]
 [ 0.0028723 ]
 [ 0.00087477]
 [ 0.00211458]
 [ 0.00089747]
 [ 0.00357835]
 [ 0.00129732]
 [ 0.00124463]
 [ 0.00089919]
 [ 0.001891  ]
 [ 0.00185497]
 [ 0.00105041]
 [ 0.00101631]
 [ 0.00222778]
 [ 0.00179554]
 [ 0.00097742]
 [ 0.00248465]
 [ 0.00169889]
 [ 0.00083619]
 [ 0.00119773]
 [ 0.00088694]
 [ 0.00141158]
 [ 0.0022545 ]
 [ 0.00159491]
 [ 0.00121656]
 [ 0.00105776]
 [ 0.00214674]
 [ 0.0023853 ]
 [ 0.00123609]
 [ 0.00086005]
 [ 0.00198379]
 [ 0.00196951]
 [ 0.00256832]
 [ 0.00186445]
 [ 0.00114438]
 [ 0.0032886 ]
 [ 0.00272339]
 [ 0.00201618]
 [ 0.00323371]
 [ 0.00133593]
 [ 0.00129328]
 [ 0.00136423]
 [ 0.00145335]
 [ 0.0017907 ]
 [ 0.00136863]
 [ 0.00204   ]
 [ 0.00079792]
 [ 0.00081737]
 [ 0.00130276]
 [ 0.0011132 ]
 [ 0.00151302]
 [ 0.0062565 ]
 [ 0.00135249]
 [ 0.00231766]
 [ 0.00132269]
 [ 0.00151594]
 [ 0.00101609]
 [ 0.00244517]
 [ 0.00217726]
 [ 0.00052484]
 [ 0.00116599]
 [ 0.00111582]
 [ 0.00603939]
 [ 0.00098157]
 [ 0.00110587]
 [ 0.00124498]
 [ 0.00154955]
 [ 0.00162663]
 [ 0.00093134]
 [ 0.00296489]
 [ 0.00146699]
 [ 0.00084574]
 [ 0.00104922]
 [ 0.00211138]
 [ 0.00201053]
 [ 0.00271754]
 [ 0.0017504 ]
 [ 0.00093596]
 [ 0.00129596]
 [ 0.00186142]
 [ 0.00241205]
 [ 0.00625673]
 [ 0.00094716]
 [ 0.00146518]
 [ 0.00136288]
 [ 0.00095545]
 [ 0.00155314]
 [ 0.00309094]
 [ 0.00142114]
 [ 0.00304538]
 [ 0.00118992]
 [ 0.00075795]
 [ 0.00274716]
 [ 0.0013283 ]
 [ 0.00135688]
 [ 0.00415783]
 [ 0.00144164]
 [ 0.0014978 ]
 [ 0.00134312]
 [ 0.00085779]
 [ 0.0013552 ]
 [ 0.00152767]
 [ 0.00141954]
 [ 0.00354143]
 [ 0.00089107]
 [ 0.00136585]
 [ 0.00104442]
 [ 0.00053603]
 [ 0.00282511]
 [ 0.00168785]
 [ 0.00091889]
 [ 0.00387303]
 [ 0.00233759]
 [ 0.00133617]
 [ 0.00184884]
 [ 0.00160065]
 [ 0.00094544]
 [ 0.00130118]
 [ 0.0011884 ]
 [ 0.00114873]
 [ 0.0030392 ]
 [ 0.00078031]
 [ 0.00098004]
 [ 0.00185802]
 [ 0.00132281]
 [ 0.00134322]
 [ 0.00264508]
 [ 0.00142364]
 [ 0.00257423]
 [ 0.00209023]
 [ 0.00528696]
 [ 0.00096063]
 [ 0.00164621]
 [ 0.00093116]
 [ 0.00107923]
 [ 0.00086633]
 [ 0.0015258 ]
 [ 0.00107015]
 [ 0.00052761]
 [ 0.00112023]
 [ 0.00295108]
 [ 0.00166612]
 [ 0.00228438]
 [ 0.00099479]
 [ 0.00212706]
 [ 0.00410442]
 [ 0.00238662]
 [ 0.00374326]
 [ 0.00050471]
 [ 0.00081792]
 [ 0.00174562]
 [ 0.00153054]
 [ 0.00076874]
 [ 0.001977  ]
 [ 0.0025629 ]
 [ 0.00120748]
 [ 0.00211134]
 [ 0.00168005]
 [ 0.00109241]
 [ 0.00072182]
 [ 0.00147473]
 [ 0.00156794]
 [ 0.00081268]
 [ 0.00150168]
 [ 0.00260535]
 [ 0.00147447]
 [ 0.00138095]
 [ 0.00109987]
 [ 0.00403483]
 [ 0.00093884]
 [ 0.00096923]
 [ 0.00143095]
 [ 0.00173267]
 [ 0.00080215]
 [ 0.00071179]
 [ 0.00137349]
 [ 0.00190667]
 [ 0.00405024]
 [ 0.00090446]
 [ 0.00067377]
 [ 0.00188417]
 [ 0.00187594]
 [ 0.00123181]
 [ 0.00192604]
 [ 0.0016757 ]
 [ 0.00123395]
 [ 0.00112027]
 [ 0.00332869]
 [ 0.00245085]
 [ 0.00092965]
 [ 0.00169605]
 [ 0.00305159]
 [ 0.00240273]
 [ 0.00326162]
 [ 0.00167277]
 [ 0.00167917]
 [ 0.0009465 ]
 [ 0.00239129]
 [ 0.0010241 ]
 [ 0.00307776]
 [ 0.0020282 ]
 [ 0.00087248]
 [ 0.00085673]
 [ 0.00218175]
 [ 0.00242881]
 [ 0.0014505 ]
 [ 0.00192866]
 [ 0.00177917]
 [ 0.00081811]
 [ 0.0016902 ]
 [ 0.00082613]
 [ 0.00262805]
 [ 0.0017445 ]
 [ 0.00141261]
 [ 0.00232657]
 [ 0.00116823]
 [ 0.00146891]
 [ 0.00305748]
 [ 0.00145606]
 [ 0.00232703]
 [ 0.00389527]
 [ 0.00118154]
 [ 0.00199621]
 [ 0.00376087]
 [ 0.001701  ]
 [ 0.00089895]
 [ 0.00082134]
 [ 0.00122962]
 [ 0.00103155]
 [ 0.00164731]
 [ 0.00086337]
 [ 0.00149261]
 [ 0.00288533]
 [ 0.00104096]
 [ 0.00093761]
 [ 0.00198035]
 [ 0.00136455]
 [ 0.00125527]
 [ 0.00082402]
 [ 0.00073379]
 [ 0.00088276]
 [ 0.00164075]
 [ 0.00367696]
 [ 0.0014971 ]
 [ 0.00111686]
 [ 0.00107161]
 [ 0.00128712]
 [ 0.00110754]
 [ 0.0013003 ]
 [ 0.00227596]
 [ 0.00107368]
 [ 0.00107574]
 [ 0.00628236]
 [ 0.00211901]
 [ 0.00110034]
 [ 0.00204605]
 [ 0.00228521]
 [ 0.00312091]
 [ 0.00051543]
 [ 0.00153873]
 [ 0.00142657]
 [ 0.00101978]
 [ 0.00090563]
 [ 0.00243103]
 [ 0.00169329]
 [ 0.00049773]
 [ 0.0008296 ]
 [ 0.00146054]
 [ 0.00199722]
 [ 0.00080383]
 [ 0.00158257]
 [ 0.00089808]
 [ 0.00052212]
 [ 0.0059953 ]
 [ 0.00145313]
 [ 0.00212431]
 [ 0.00390878]
 [ 0.00400015]
 [ 0.00312599]
 [ 0.0007924 ]
 [ 0.00173269]
 [ 0.00167968]
 [ 0.00165285]
 [ 0.00294813]
 [ 0.00169847]
 [ 0.00346401]
 [ 0.00277345]
 [ 0.00313227]
 [ 0.00191631]
 [ 0.00208434]
 [ 0.00081419]
 [ 0.00318763]
 [ 0.00094497]
 [ 0.00171863]
 [ 0.00408267]
 [ 0.00206442]
 [ 0.00102236]
 [ 0.00199479]
 [ 0.00086404]
 [ 0.00192118]
 [ 0.00185863]
 [ 0.00090806]
 [ 0.00183257]
 [ 0.00197498]
 [ 0.0014496 ]
 [ 0.0030522 ]
 [ 0.00109339]
 [ 0.00212559]
 [ 0.00143449]
 [ 0.0009173 ]
 [ 0.00092878]
 [ 0.00118677]
 [ 0.00407359]
 [ 0.00292335]
 [ 0.00091804]
 [ 0.00200314]
 [ 0.00178892]
 [ 0.00149963]
 [ 0.00137055]
 [ 0.00185569]
 [ 0.00056277]
 [ 0.00138843]
 [ 0.00146638]
 [ 0.00285401]
 [ 0.00077461]
 [ 0.00130782]
 [ 0.00086225]
 [ 0.00107728]
 [ 0.00147742]
 [ 0.00311935]
 [ 0.00137252]
 [ 0.00269584]
 [ 0.00140399]
 [ 0.00174379]
 [ 0.00054748]
 [ 0.00096785]
 [ 0.00150701]
 [ 0.00092118]
 [ 0.00094613]
 [ 0.00104621]
 [ 0.00075376]
 [ 0.00143193]
 [ 0.00264433]
 [ 0.00174392]
 [ 0.00120464]
 [ 0.00284535]
 [ 0.00157954]
 [ 0.00210924]
 [ 0.00089636]
 [ 0.0009004 ]]
prediction3 [[ 0.00129873]
 [ 0.00199455]
 [ 0.00096782]
 [ 0.001345  ]
 [ 0.00068938]
 [ 0.00319722]
 [ 0.00094941]
 [ 0.00158262]
 [ 0.00083457]
 [ 0.00150219]
 [ 0.00252606]
 [ 0.00096351]
 [ 0.00286767]
 [ 0.00160495]
 [ 0.00097603]
 [ 0.00206697]
 [ 0.00125526]
 [ 0.00115836]
 [ 0.00269755]
 [ 0.00135688]
 [ 0.00146494]
 [ 0.00118518]
 [ 0.00436459]
 [ 0.00145994]
 [ 0.00106255]
 [ 0.00088446]
 [ 0.00109898]
 [ 0.00595676]
 [ 0.00130995]
 [ 0.00109114]
 [ 0.0014826 ]
 [ 0.00276172]
 [ 0.00142335]
 [ 0.00054577]
 [ 0.00164841]
 [ 0.00173024]
 [ 0.00199012]
 [ 0.00179999]
 [ 0.00232981]
 [ 0.00107861]
 [ 0.00132306]
 [ 0.00199874]
 [ 0.00248106]
 [ 0.00122857]
 [ 0.00127912]
 [ 0.00580648]
 [ 0.00104133]
 [ 0.00163636]
 [ 0.00128586]
 [ 0.00201624]
 [ 0.00410812]
 [ 0.00156782]
 [ 0.00186896]
 [ 0.00227164]
 [ 0.00092709]
 [ 0.00278698]
 [ 0.00127184]
 [ 0.00099399]
 [ 0.00150423]
 [ 0.00444573]
 [ 0.00093991]
 [ 0.00147438]
 [ 0.00147132]
 [ 0.00085729]
 [ 0.00110831]
 [ 0.00094811]
 [ 0.00290024]
 [ 0.00127364]
 [ 0.00206802]
 [ 0.00125629]
 [ 0.00128565]
 [ 0.00089274]
 [ 0.00129911]
 [ 0.00174394]
 [ 0.00107227]
 [ 0.00111212]
 [ 0.00581315]
 [ 0.00078199]
 [ 0.00146512]
 [ 0.00210507]
 [ 0.00080124]
 [ 0.00320441]
 [ 0.00103495]
 [ 0.0040055 ]
 [ 0.0010312 ]
 [ 0.00209822]
 [ 0.00163988]
 [ 0.00069474]
 [ 0.00240167]
 [ 0.00051432]
 [ 0.00097488]
 [ 0.00283764]
 [ 0.00329856]
 [ 0.00253854]
 [ 0.00327655]
 [ 0.00079962]
 [ 0.00158434]
 [ 0.00332002]
 [ 0.00125883]
 [ 0.00080145]
 [ 0.00175579]
 [ 0.00140499]
 [ 0.00106948]
 [ 0.00106092]
 [ 0.0016842 ]
 [ 0.00158604]
 [ 0.00209224]
 [ 0.00162718]
 [ 0.00203267]
 [ 0.0009612 ]
 [ 0.00326707]
 [ 0.0011734 ]
 [ 0.00084243]
 [ 0.00103318]
 [ 0.00168661]
 [ 0.00178315]
 [ 0.00223476]
 [ 0.00243953]
 [ 0.00325007]
 [ 0.00276777]
 [ 0.00192201]
 [ 0.0015177 ]
 [ 0.00211695]
 [ 0.00389678]
 [ 0.00320933]
 [ 0.00139342]
 [ 0.00096119]
 [ 0.00099334]
 [ 0.00268194]
 [ 0.00193091]
 [ 0.00057296]
 [ 0.00082226]
 [ 0.00311324]
 [ 0.00118676]
 [ 0.00321476]
 [ 0.00215152]
 [ 0.00122003]
 [ 0.0008219 ]
 [ 0.00165908]
 [ 0.00238093]
 [ 0.00195803]
 [ 0.00227632]
 [ 0.001574  ]
 [ 0.00144395]
 [ 0.00138183]
 [ 0.00115046]
 [ 0.00084413]
 [ 0.00179398]
 [ 0.00202505]
 [ 0.00346956]
 [ 0.00383565]
 [ 0.00091056]
 [ 0.00091541]
 [ 0.00058783]
 [ 0.00117673]
 [ 0.00113623]
 [ 0.00093567]
 [ 0.00296393]
 [ 0.00147012]
 [ 0.00323834]
 [ 0.00211928]
 [ 0.00218207]
 [ 0.00106373]
 [ 0.00123813]
 [ 0.00171058]
 [ 0.00133002]
 [ 0.00111186]
 [ 0.00584923]
 [ 0.00101582]
 [ 0.00232804]
 [ 0.00141222]
 [ 0.00122517]
 [ 0.00162766]
 [ 0.00275745]
 [ 0.00329038]
 [ 0.00162281]
 [ 0.00140596]
 [ 0.00132239]
 [ 0.00395275]
 [ 0.00148843]
 [ 0.00092849]
 [ 0.00207428]
 [ 0.00184286]
 [ 0.00140988]
 [ 0.00135758]
 [ 0.00169814]
 [ 0.00197598]
 [ 0.001438  ]
 [ 0.00226199]
 [ 0.00203315]
 [ 0.00148949]
 [ 0.00156039]
 [ 0.00140898]
 [ 0.00086776]
 [ 0.00240354]
 [ 0.0011688 ]
 [ 0.00265596]
 [ 0.0012581 ]
 [ 0.00097152]
 [ 0.00411384]
 [ 0.00077024]
 [ 0.00113057]
 [ 0.00163538]
 [ 0.00248551]
 [ 0.00114352]
 [ 0.00132918]
 [ 0.00100572]
 [ 0.00079724]
 [ 0.0019792 ]
 [ 0.00099495]
 [ 0.00147576]
 [ 0.00196485]
 [ 0.00169587]
 [ 0.00313629]
 [ 0.00141034]
 [ 0.0019518 ]
 [ 0.00088754]
 [ 0.00287915]
 [ 0.00087551]
 [ 0.00211964]
 [ 0.00089823]
 [ 0.00358827]
 [ 0.00129139]
 [ 0.001238  ]
 [ 0.00089996]
 [ 0.00189331]
 [ 0.0018465 ]
 [ 0.00105171]
 [ 0.00101246]
 [ 0.00223311]
 [ 0.00179774]
 [ 0.00097787]
 [ 0.00248865]
 [ 0.0016944 ]
 [ 0.00083141]
 [ 0.00119781]
 [ 0.00088051]
 [ 0.00141279]
 [ 0.00225989]
 [ 0.00159749]
 [ 0.00121148]
 [ 0.00105866]
 [ 0.00215187]
 [ 0.002391  ]
 [ 0.00123427]
 [ 0.00085911]
 [ 0.00197396]
 [ 0.00197269]
 [ 0.00257446]
 [ 0.00186676]
 [ 0.00114579]
 [ 0.00329772]
 [ 0.00273095]
 [ 0.00201865]
 [ 0.00324269]
 [ 0.00133396]
 [ 0.0012949 ]
 [ 0.00136592]
 [ 0.00145571]
 [ 0.00179359]
 [ 0.00136661]
 [ 0.00203934]
 [ 0.00079521]
 [ 0.00081806]
 [ 0.00129682]
 [ 0.00111156]
 [ 0.0015143 ]
 [ 0.00627381]
 [ 0.00135049]
 [ 0.0023232 ]
 [ 0.00132432]
 [ 0.00151721]
 [ 0.00101028]
 [ 0.0024491 ]
 [ 0.00218247]
 [ 0.00051882]
 [ 0.00115708]
 [ 0.00111719]
 [ 0.00605611]
 [ 0.0009805 ]
 [ 0.00109741]
 [ 0.00124603]
 [ 0.00153949]
 [ 0.0016192 ]
 [ 0.00092602]
 [ 0.00297311]
 [ 0.00145521]
 [ 0.00083961]
 [ 0.00103879]
 [ 0.00211397]
 [ 0.00200056]
 [ 0.00272405]
 [ 0.00173903]
 [ 0.00092917]
 [ 0.00128456]
 [ 0.00186082]
 [ 0.00241594]
 [ 0.00627402]
 [ 0.00094759]
 [ 0.00146756]
 [ 0.00136087]
 [ 0.00095626]
 [ 0.00154905]
 [ 0.00309592]
 [ 0.00142233]
 [ 0.00305027]
 [ 0.00118082]
 [ 0.00075859]
 [ 0.00275371]
 [ 0.00132993]
 [ 0.00135802]
 [ 0.00416611]
 [ 0.00143785]
 [ 0.00148981]
 [ 0.00134321]
 [ 0.00085852]
 [ 0.00134901]
 [ 0.00152895]
 [ 0.00142074]
 [ 0.00355129]
 [ 0.00089148]
 [ 0.001367  ]
 [ 0.00103402]
 [ 0.00052987]
 [ 0.00283185]
 [ 0.00168927]
 [ 0.00091223]
 [ 0.00388376]
 [ 0.00234318]
 [ 0.00132595]
 [ 0.00185112]
 [ 0.00160262]
 [ 0.00093603]
 [ 0.00130279]
 [ 0.00117657]
 [ 0.00114881]
 [ 0.00304645]
 [ 0.00078097]
 [ 0.00098087]
 [ 0.0018488 ]
 [ 0.00131219]
 [ 0.00134435]
 [ 0.0026514 ]
 [ 0.00142429]
 [ 0.00258037]
 [ 0.00209361]
 [ 0.00530161]
 [ 0.00096107]
 [ 0.00163552]
 [ 0.00093195]
 [ 0.00107973]
 [ 0.00086005]
 [ 0.00152708]
 [ 0.00107147]
 [ 0.00052156]
 [ 0.00111556]
 [ 0.00295926]
 [ 0.00165851]
 [ 0.00228984]
 [ 0.0009891 ]
 [ 0.00213215]
 [ 0.0041158 ]
 [ 0.00239233]
 [ 0.00375364]
 [ 0.00049911]
 [ 0.00081862]
 [ 0.00173765]
 [ 0.00153302]
 [ 0.00076791]
 [ 0.00198249]
 [ 0.00256903]
 [ 0.001195  ]
 [ 0.00211393]
 [ 0.00168277]
 [ 0.00108575]
 [ 0.0007152 ]
 [ 0.00147712]
 [ 0.00155535]
 [ 0.00080992]
 [ 0.00150412]
 [ 0.00260855]
 [ 0.00146489]
 [ 0.00138104]
 [ 0.00110038]
 [ 0.00404288]
 [ 0.00093927]
 [ 0.00096369]
 [ 0.00143215]
 [ 0.00173145]
 [ 0.00080283]
 [ 0.00070937]
 [ 0.00137411]
 [ 0.00189721]
 [ 0.00406147]
 [ 0.00090523]
 [ 0.00066759]
 [ 0.00188648]
 [ 0.00187534]
 [ 0.00123285]
 [ 0.0019284 ]
 [ 0.00167841]
 [ 0.00122641]
 [ 0.00111559]
 [ 0.00333535]
 [ 0.00245672]
 [ 0.00092613]
 [ 0.00169288]
 [ 0.00305649]
 [ 0.00240847]
 [ 0.00326941]
 [ 0.00166127]
 [ 0.00167603]
 [ 0.00094547]
 [ 0.00239794]
 [ 0.00101824]
 [ 0.00308629]
 [ 0.00203068]
 [ 0.00087322]
 [ 0.00084854]
 [ 0.0021878 ]
 [ 0.00243272]
 [ 0.00145116]
 [ 0.00193327]
 [ 0.00176762]
 [ 0.0008188 ]
 [ 0.00167923]
 [ 0.00082523]
 [ 0.00263432]
 [ 0.00173653]
 [ 0.0014138 ]
 [ 0.00233213]
 [ 0.00116967]
 [ 0.00146901]
 [ 0.00306479]
 [ 0.00145672]
 [ 0.00233259]
 [ 0.00390303]
 [ 0.00116933]
 [ 0.00198632]
 [ 0.0037713 ]
 [ 0.00169782]
 [ 0.00089971]
 [ 0.00082236]
 [ 0.00121691]
 [ 0.00103043]
 [ 0.00164869]
 [ 0.00085843]
 [ 0.00149388]
 [ 0.00289221]
 [ 0.00104103]
 [ 0.00093226]
 [ 0.00197053]
 [ 0.00136516]
 [ 0.0012423 ]
 [ 0.00082313]
 [ 0.00073158]
 [ 0.00088351]
 [ 0.00164213]
 [ 0.00368571]
 [ 0.00149316]
 [ 0.00111824]
 [ 0.00106342]
 [ 0.0012882 ]
 [ 0.00110292]
 [ 0.0013014 ]
 [ 0.00228142]
 [ 0.00107501]
 [ 0.00107707]
 [ 0.00629975]
 [ 0.0021085 ]
 [ 0.00110127]
 [ 0.00204856]
 [ 0.00229068]
 [ 0.00312592]
 [ 0.00050972]
 [ 0.00154005]
 [ 0.00142777]
 [ 0.00101198]
 [ 0.0009064 ]
 [ 0.00243684]
 [ 0.00168229]
 [ 0.00049221]
 [ 0.0008303 ]
 [ 0.00145161]
 [ 0.00198732]
 [ 0.00080296]
 [ 0.00158514]
 [ 0.00089711]
 [ 0.00051633]
 [ 0.00601188]
 [ 0.00144146]
 [ 0.00212774]
 [ 0.0039196 ]
 [ 0.00401123]
 [ 0.00313222]
 [ 0.00078971]
 [ 0.00172077]
 [ 0.00168175]
 [ 0.00165425]
 [ 0.00295517]
 [ 0.00169792]
 [ 0.00347361]
 [ 0.00278115]
 [ 0.00314095]
 [ 0.0019209 ]
 [ 0.0020869 ]
 [ 0.00081489]
 [ 0.00319648]
 [ 0.00093811]
 [ 0.00171078]
 [ 0.0040908 ]
 [ 0.00206695]
 [ 0.00102283]
 [ 0.00199723]
 [ 0.00085777]
 [ 0.00192056]
 [ 0.00186163]
 [ 0.00090148]
 [ 0.00183197]
 [ 0.00197817]
 [ 0.00143796]
 [ 0.00305948]
 [ 0.00109474]
 [ 0.00213068]
 [ 0.0014357 ]
 [ 0.00091808]
 [ 0.00092957]
 [ 0.00118777]
 [ 0.00408488]
 [ 0.00293033]
 [ 0.00091457]
 [ 0.00200871]
 [ 0.0017911 ]
 [ 0.00149914]
 [ 0.0013717 ]
 [ 0.00185797]
 [ 0.00055631]
 [ 0.0013896 ]
 [ 0.00146762]
 [ 0.00286193]
 [ 0.00076602]
 [ 0.00130943]
 [ 0.00085898]
 [ 0.00107278]
 [ 0.00147924]
 [ 0.00312437]
 [ 0.00137421]
 [ 0.00270332]
 [ 0.00139164]
 [ 0.00174323]
 [ 0.0005412 ]
 [ 0.00096419]
 [ 0.00149781]
 [ 0.00092018]
 [ 0.00094693]
 [ 0.00103702]
 [ 0.00074684]
 [ 0.00142043]
 [ 0.00264859]
 [ 0.00173596]
 [ 0.00120566]
 [ 0.00285105]
 [ 0.00158209]
 [ 0.00211265]
 [ 0.00088986]
 [ 0.00090081]]
